7319.528
7365.111
7409.863
7454.759
7499.967
7545.613
7591.196
7773.528
8001.169
8228.178
8319.36
8364.943
8410.573
8456.234
8501.911
8547.618
8592.655
8638.285
8683.946
8729.576
8775.221
8820.851
8866.497
8911.252
8956.007
9000.762
9045.517
9090.272
9135.074
9179.83
9224.585
9270.215
9315.75
9361.381
9406.995
9452.609
9497.723
9542.479
9588.14
9633.723
9679.384
9725.076
9770.472
9815.212
9859.967
9904.722
9949.477
9994.232
10039.968
10085.614
10131.275
10176.374
10222.051
10267.727
10313.342
10358.987
10404.633
10449.372
10494.127
10538.882
10584.481
10630.033
10675.679
10720.699
10766.313
10811.881
10857.48
10903.14
10994.369
11040.014
11085.597
11130.371
11175.346
11220.273
11265.684
11311.314
11356.928
11448.11
11493.412
11539.057
11584.594
11630.223
11675.9
11721.577
11767.223
11949.93
12177.642
12223.256
12360.099
12540.463
12585.203
12629.958
12674.713
12720.389
12811.649
12857.216
12902.784
12948.461
12993.575
13039.127
14796.933
14841.688
14886.443
14932.12
14977.719
15023.021
15068.479
15114.155
15159.801
15205.441
15251.008
15296.638
15342.284
15387.96
15433.559
15479.142
15523.897
15569.246
15614.829
15660.459
15706.105
15751.75
15797.333
15842.916
15888.47
15934.069
15979.683
16025.297
16070.865
16116.479
16161.234
16206.161
16251.822
16297.483
16342.301
16387.915
16433.608
16478.347
16523.103
16567.857
16612.612
16657.352
16702.107
16747.065
16792.695
16838.309
16883.221
16928.835
16974.465
17020.158
17065.803
17110.542
17156.157
17201.865
17246.776
17292.5
17338.208
17382.963
17428.64
17474.191
17519.9
17565.545
17611.237
17656.789
17702.169
17747.862
17793.538
17839.168
17884.611
17930.256
17975.011
18019.766
18064.506
18110.167
18155.797
18201.474
18247.072
18292.718
18338.113
18383.618
18429.092
18474.613
18520.165
18565.763
18611.221
18656.414
18701.997
18747.674
18793.241
18838.777
18884.454
18930.115
18975.714
19020.469
19065.215
19109.97
19154.709
19199.464
19244.219
19288.974
19333.729
19378.469
19423.224
19467.979
19512.734
19558.302
19603.963
19649.374
19695.02
19740.634
19785.374
19830.129
19874.884
19919.623
19964.363
20009.102
20054.701
20100.252
20145.851
20191.465
20237.08
20281.835
20326.575
20371.298
20416.038
20460.793
20506.516
20552.224
20597.886
20643.469
20689.114
20733.854
20778.593
20823.333
20868.073
20912.812
20957.567
21002.666
21048.264
21093.925
21139.54
21185.17
21230.815
21276.492
21321.247
21365.987
21410.742
21455.497
21500.252
21545.007
21589.762
21634.517
21679.288
21724.902
21770.517
21816.147
21861.729
21907.328
21952.724
21997.479
22042.234
22086.99
22131.744
22176.499
22221.255
22266.01
22310.765
22356.41
22402.073
22447.719
22493.255
22538.838
22583.578
22628.333
22673.072
22717.812
22762.567
22807.322
22852.077
22897.754
22943.196
22988.717
23034.331
23079.821
23125.45
23171.111
23216.773
23262.356
23307.095
23351.851
23396.59
23442.235
23487.865
23532.792
23578.391
23624.021
23668.76
23714.328
23759.911
23805.556
23851.186
23896.832
23941.571
23986.326
24031.066
24076.04
24120.94
24165.93
24211.509
24257.123
24302.675
24348.32
24393.325
24438.862
24484.523
24530.184
24575.845
24621.038
24666.636
